-44415.9140625
-44344.40625
-44400.68359375
-44388.01171875
-44383.6171875
-44397.0234375
-44403.97265625
-44403.01953125
-44403.1015625
-44406.82421875
-44410.65234375
-44411.37109375
-44410.890625
-44412.234375
-44415.01171875
-44417.3203125
-44418.07421875
-44417.76171875
-44417.8203125
-44419.13671875
-44421.04296875
-44422.19140625
-44422.34375
-44422.37890625
-44422.87890625
-44423.6640625
-44424.3671875
-44424.73046875
-44424.9140625
-44425.2890625
-44425.87109375
-44426.390625
-44426.80078125
-44427.12890625
-44427.4453125
-44427.82421875
-44428.28125
-44428.8046875
-44429.3125
-44429.67578125
-44429.90625
-44430.2109375
-44430.69140625
-44431.21484375
-44431.57421875
-44431.79296875
-44432.02734375
-44432.37109375
-44432.69140625
-44432.8828125
-44433.01953125
-44433.21484375
-44433.4609375
-44433.66796875
-44433.8203125
-44434.0
-44434.2109375
-44434.421875
-44434.62890625
-44434.84375
-44435.0625
-44435.30078125
-44435.53125
-44435.7734375
-44436.03125
-44436.3203125
-44436.61328125
-44436.92578125
-44437.25390625
-44437.61328125
-44437.9921875
-44438.40234375
-44438.84375
-44439.33203125
-44439.8671875
-44440.4609375
-44441.12890625
-44441.859375
-44442.6640625
-44443.55078125
-44444.53125
-44445.60546875
-44446.77734375
-44448.0390625
-44449.375
-44450.7734375
-44452.203125
-44453.6171875
-44454.9375
-44456.10546875
-44457.02734375
-44457.69921875
-44458.1640625
-44458.45703125
-44458.68359375
-44458.9765625
-44459.3515625
-44459.78125
-44460.1640625
-44460.4375
-44460.59375
-44460.6953125
-44460.78515625
-44460.8984375
-44461.01171875
-44461.1171875
-44461.19140625
-44461.234375
-44461.265625
-44461.28515625
-44461.3125
-44461.34375
-44461.375
-44461.40234375
-44461.42578125
-44461.45703125
-44461.4921875
-44461.5234375
-44461.55859375
-44461.5703125
-44461.57421875
-44461.57421875
-44461.56640625
-44461.56640625
-44461.5703125
-44461.578125
-44461.5859375
-44461.59375
-44461.60546875
-44461.625
-44461.6328125
-44461.640625
-44461.65625
-44461.65625
-44461.66015625
-44461.6640625
-44461.65625
-44461.6640625
-44461.66796875
-44461.671875
-44461.67578125
-44461.671875
-44461.66796875
-44461.67578125
-44461.6796875
-44461.6796875
-44461.68359375
-44461.6796875
-44461.6796875
-44461.6796875
-44461.6796875
-44461.68359375
-44461.67578125
-44461.68359375
-44461.6796875
-44461.69140625
-44461.68359375
-44461.69140625
-44461.6875
-44461.6875
-44461.69140625
-44461.69140625
-44461.69140625
-44461.69140625
-44461.6953125
-44461.69140625
-44461.69140625
-44461.6953125
-44461.69140625
-44461.69921875
-44461.6953125
-44461.6953125
-44461.69140625
-44461.6953125
-44461.6953125
-44461.6953125
-44461.6953125
-44461.6953125
-44461.6953125
-44461.69921875
-44461.69140625
-44461.6953125
-44461.6953125
-44461.6953125
-44461.6953125
-44461.6953125
-44461.6953125
-44461.69921875
-44461.69921875
-44461.69140625
-44461.6953125
-44461.6953125
-44461.69921875
-44461.69921875
-44461.69921875
-44461.6953125
-44461.6953125
-44461.6953125
-44461.6953125
-44461.6953125
