-44229.765625
-44170.7265625
-44230.69921875
-44216.7578125
-44213.19921875
-44227.12890625
-44235.74609375
-44236.72265625
-44236.37109375
-44238.17578125
-44241.91015625
-44246.10546875
-44248.66796875
-44248.9375
-44248.79296875
-44250.35546875
-44253.3046875
-44255.65234375
-44256.44140625
-44256.609375
-44257.41796875
-44258.97265625
-44260.6015625
-44261.76953125
-44262.3671875
-44262.7109375
-44263.3125
-44264.36328125
-44265.4765625
-44266.203125
-44266.59375
-44267.18359375
-44268.18359375
-44269.2578125
-44270.02734375
-44270.59375
-44271.31640625
-44272.19140625
-44272.99609375
-44273.65234375
-44274.3203125
-44275.0546875
-44275.78515625
-44276.5234375
-44277.32421875
-44278.10546875
-44278.84765625
-44279.59375
-44280.4296875
-44281.26953125
-44282.05859375
-44282.8515625
-44283.703125
-44284.5625
-44285.3828125
-44286.22265625
-44287.1015625
-44288.00390625
-44288.91015625
-44289.79296875
-44290.71484375
-44291.671875
-44292.66015625
-44293.6328125
-44294.61328125
-44295.625
-44296.66796875
-44297.703125
-44298.7578125
-44299.81640625
-44300.890625
-44301.9765625
-44303.0703125
-44304.1796875
-44305.3046875
-44306.4453125
-44307.59765625
-44308.7578125
-44309.95703125
-44311.18359375
-44312.4296875
-44313.703125
-44315.01171875
-44316.34375
-44317.7109375
-44319.125
-44320.57421875
-44322.0625
-44323.59765625
-44325.16796875
-44326.7890625
-44328.44921875
-44330.12109375
-44331.82421875
-44333.55078125
-44335.296875
-44337.046875
-44338.7890625
-44340.53125
-44342.2421875
-44343.91796875
-44345.55078125
-44347.1484375
-44348.7265625
-44350.30078125
-44351.859375
-44353.40625
-44354.94921875
-44356.55078125
-44358.20703125
-44359.890625
-44361.62109375
-44363.4296875
-44365.30859375
-44367.22265625
-44369.14453125
-44371.02734375
-44372.7421875
-44374.1875
-44375.3125
-44376.12890625
-44376.65625
-44376.84765625
-44376.87109375
-44376.9609375
-44377.1328125
-44377.35546875
-44377.609375
-44377.9609375
-44378.2734375
-44378.55078125
-44378.90625
-44379.24609375
-44379.6015625
-44379.9453125
-44380.2265625
-44380.46484375
-44380.67578125
-44380.93359375
-44381.20703125
-44381.50390625
-44381.80859375
-44382.1171875
-44382.41796875
-44382.71484375
-44383.00390625
-44383.29296875
-44383.59375
-44383.90625
-44384.2265625
-44384.53515625
-44384.8515625
-44385.140625
-44385.4375
-44385.73046875
-44386.04296875
-44386.36328125
-44386.6953125
-44387.0390625
-44387.38671875
-44387.75
-44388.1171875
-44388.49609375
-44388.875
-44389.28515625
-44389.70703125
-44390.1328125
-44390.5703125
-44391.03125
-44391.51953125
-44392.03515625
-44392.5703125
-44393.1484375
-44393.76171875
-44394.42578125
-44395.13671875
-44395.890625
-44396.69140625
-44397.5078125
-44398.3203125
-44399.0859375
-44399.81640625
-44400.5234375
-44401.22265625
-44401.921875
-44402.65625
-44403.4375
-44404.27734375
-44405.17578125
-44406.14453125
-44407.1875
-44408.3203125
-44409.53125
-44410.80859375
-44412.1171875
-44413.4453125
-44414.70703125
-44415.84375
-44416.7265625
-44415.9140625
