-44461.69921875
-44365.140625
-44445.36328125
-44425.484375
-44412.68359375
-44430.05078125
-44446.015625
-44448.03125
-44442.3359375
-44440.078125
-44444.54296875
-44450.6640625
-44453.28125
-44452.2265625
-44450.921875
-44451.76171875
-44454.24609375
-44456.234375
-44456.3515625
-44455.67578125
-44455.9140625
-44457.14453125
-44458.3203125
-44458.6171875
-44458.30078125
-44458.296875
-44458.87890625
-44459.48828125
-44459.6953125
-44459.6640625
-44459.7578125
-44460.05078125
-44460.3203125
-44460.4140625
-44460.4375
-44460.53125
-44460.69921875
-44460.83984375
-44460.921875
-44460.9921875
-44461.05859375
-44461.08984375
-44461.09765625
-44461.15234375
-44461.2578125
-44461.359375
-44461.37890625
-44461.34765625
-44461.33984375
-44461.40234375
-44461.48046875
-44461.51953125
-44461.48828125
-44461.47265625
-44461.51953125
-44461.578125
-44461.59765625
-44461.5703125
-44461.5625
-44461.58984375
-44461.62109375
-44461.62109375
-44461.6171875
-44461.62109375
-44461.640625
-44461.6484375
-44461.6484375
-44461.65234375
-44461.65625
-44461.66796875
-44461.66796875
-44461.66796875
-44461.671875
-44461.67578125
-44461.67578125
-44461.67578125
-44461.6796875
-44461.68359375
-44461.68359375
-44461.6796875
-44461.6875
-44461.6875
-44461.6875
-44461.69140625
-44461.6953125
-44461.6875
-44461.69140625
-44461.6953125
-44461.69140625
-44461.69140625
-44461.69140625
-44461.6875
-44461.69140625
-44461.69140625
-44461.69140625
-44461.6953125
-44461.6953125
-44461.6953125
-44461.69921875
-44461.6953125
-44461.6953125
-44461.69921875
-44461.69921875
-44461.69921875
-44461.6953125
-44461.69140625
-44461.69921875
-44461.6953125
-44461.6953125
-44461.6953125
-44461.6953125
-44461.6953125
-44461.69921875
-44461.69921875
-44461.6953125
-44461.6953125
-44461.69921875
-44461.703125
-44461.69921875
-44461.69921875
-44461.69921875
-44461.703125
-44461.6953125
-44461.703125
-44461.703125
-44461.69921875
-44461.703125
-44461.6953125
-44461.69921875
-44461.69921875
-44461.6953125
-44461.6953125
-44461.69921875
-44461.69921875
-44461.69921875
-44461.6953125
-44461.6953125
-44461.69921875
-44461.69921875
-44461.69921875
-44461.703125
-44461.69921875
-44461.703125
-44461.69921875
-44461.69921875
-44461.6953125
-44461.69921875
-44461.6953125
-44461.69921875
-44461.6953125
-44461.69921875
-44461.6953125
-44461.6953125
-44461.6953125
-44461.6953125
-44461.6953125
-44461.69921875
-44461.703125
-44461.69921875
-44461.69921875
-44461.69921875
-44461.69921875
-44461.6953125
-44461.69921875
-44461.703125
-44461.69921875
-44461.69921875
-44461.69921875
-44461.69921875
-44461.6953125
-44461.6953125
-44461.69921875
-44461.69921875
-44461.703125
-44461.6953125
-44461.703125
-44461.703125
-44461.703125
-44461.703125
-44461.69921875
-44461.69921875
-44461.703125
-44461.69921875
-44461.69921875
-44461.69921875
-44461.69921875
-44461.6953125
-44461.69921875
-44461.69921875
-44461.703125
-44461.703125
-44461.69921875
-44461.69921875
-44461.69921875
-44461.69921875
-44461.69921875
-44461.69921875
-44461.69921875
-44461.6953125
-44461.6953125
