-44461.6953125
-44330.796875
-44446.765625
-44429.875
-44391.65625
-44405.76953125
-44438.34375
-44453.87890625
-44445.74609375
-44432.01171875
-44430.5625
-44441.578125
-44453.38671875
-44456.609375
-44451.71484375
-44446.296875
-44446.40625
-44451.484375
-44456.7109375
-44458.34375
-44456.50390625
-44454.125
-44453.96484375
-44456.19140625
-44458.69140625
-44459.5078125
-44458.66015625
-44457.64453125
-44457.74609375
-44458.9140625
-44460.0625
-44460.30859375
-44459.82421875
-44459.45703125
-44459.71484375
-44460.359375
-44460.7890625
-44460.7578125
-44460.515625
-44460.4921875
-44460.7734375
-44461.078125
-44461.15234375
-44461.05078125
-44460.99609375
-44461.08984375
-44461.25
-44461.35546875
-44461.3515625
-44461.30859375
-44461.3359375
-44461.4140625
-44461.48046875
-44461.48046875
-44461.46484375
-44461.48046875
-44461.52734375
-44461.55078125
-44461.56640625
-44461.56640625
-44461.57421875
-44461.59375
-44461.60546875
-44461.609375
-44461.625
-44461.63671875
-44461.6328125
-44461.625
-44461.640625
-44461.65234375
-44461.66015625
-44461.66015625
-44461.66015625
-44461.6640625
-44461.67578125
-44461.67578125
-44461.671875
-44461.67578125
-44461.67578125
-44461.68359375
-44461.6875
-44461.67578125
-44461.68359375
-44461.6875
-44461.6875
-44461.69140625
-44461.6875
-44461.69140625
-44461.69140625
-44461.69140625
-44461.6953125
-44461.69140625
-44461.6953125
-44461.6953125
-44461.6953125
-44461.69921875
-44461.6953125
-44461.69921875
-44461.6875
-44461.6953125
-44461.6953125
-44461.6953125
-44461.703125
-44461.6953125
-44461.69921875
-44461.69921875
-44461.69921875
-44461.703125
-44461.69921875
-44461.69921875
-44461.6953125
-44461.69921875
-44461.6953125
-44461.69921875
-44461.6953125
-44461.6953125
-44461.6953125
-44461.6953125
-44461.69921875
-44461.703125
-44461.69921875
-44461.6953125
-44461.69921875
-44461.69921875
-44461.69921875
-44461.69921875
-44461.69921875
-44461.69921875
-44461.6953125
-44461.6953125
-44461.6953125
-44461.69140625
-44461.69140625
-44461.6953125
-44461.69921875
-44461.6953125
-44461.6953125
-44461.6953125
-44461.6953125
-44461.69921875
-44461.69921875
-44461.69921875
-44461.69921875
-44461.6953125
-44461.69921875
-44461.69921875
-44461.69921875
-44461.69921875
-44461.6953125
-44461.6953125
-44461.69921875
-44461.6953125
-44461.69921875
-44461.69921875
-44461.69921875
-44461.703125
-44461.703125
-44461.69921875
-44461.69921875
-44461.703125
-44461.6953125
-44461.6953125
-44461.6953125
-44461.6953125
-44461.6953125
-44461.6953125
-44461.69921875
-44461.69921875
-44461.69921875
-44461.6953125
-44461.69921875
-44461.69921875
-44461.6953125
-44461.69921875
-44461.6953125
-44461.6953125
-44461.69921875
-44461.6953125
-44461.6953125
-44461.69921875
-44461.6953125
-44461.69921875
-44461.6953125
-44461.703125
-44461.69921875
-44461.69921875
-44461.69921875
-44461.69921875
-44461.69921875
-44461.703125
-44461.69921875
-44461.69921875
-44461.69921875
-44461.6953125
-44461.69921875
-44461.6953125
-44461.69921875
-44461.69921875
-44461.69921875
-44461.69921875
