-44461.69921875
-44326.8046875
-44448.81640625
-44425.9921875
-44391.171875
-44407.578125
-44439.1796875
-44452.77734375
-44444.19921875
-44431.90625
-44431.765625
-44442.30078125
-44452.6484375
-44455.12109375
-44450.921875
-44446.8359375
-44447.59765625
-44452.0625
-44456.11328125
-44457.16796875
-44455.80078125
-44454.4296875
-44454.82421875
-44456.609375
-44458.21875
-44458.671875
-44458.30078125
-44458.01953125
-44458.36328125
-44459.08984375
-44459.65234375
-44459.78125
-44459.6875
-44459.73046875
-44460.01171875
-44460.33984375
-44460.51953125
-44460.57421875
-44460.60546875
-44460.6796875
-44460.7890625
-44460.91015625
-44461.00390625
-44461.08984375
-44461.13671875
-44461.1640625
-44461.18359375
-44461.23046875
-44461.3203125
-44461.37890625
-44461.40234375
-44461.40234375
-44461.40625
-44461.453125
-44461.51171875
-44461.5234375
-44461.51171875
-44461.51953125
-44461.55078125
-44461.58984375
-44461.59375
-44461.578125
-44461.5859375
-44461.61328125
-44461.640625
-44461.63671875
-44461.62109375
-44461.625
-44461.6484375
-44461.6640625
-44461.66015625
-44461.6484375
-44461.66015625
-44461.671875
-44461.67578125
-44461.67578125
-44461.66796875
-44461.67578125
-44461.6796875
-44461.68359375
-44461.67578125
-44461.68359375
-44461.6875
-44461.6953125
-44461.68359375
-44461.6875
-44461.68359375
-44461.6875
-44461.69140625
-44461.6875
-44461.6953125
-44461.69921875
-44461.69140625
-44461.6953125
-44461.6953125
-44461.6953125
-44461.6953125
-44461.69140625
-44461.6953125
-44461.703125
-44461.69921875
-44461.69921875
-44461.69921875
-44461.69921875
-44461.6953125
-44461.6953125
-44461.69921875
-44461.703125
-44461.69921875
-44461.69140625
-44461.703125
-44461.69921875
-44461.69921875
-44461.69921875
-44461.703125
-44461.69921875
-44461.6953125
-44461.6953125
-44461.69921875
-44461.69921875
-44461.69921875
-44461.6953125
-44461.69921875
-44461.69921875
-44461.6953125
-44461.6953125
-44461.69921875
-44461.703125
-44461.6953125
-44461.69921875
-44461.703125
-44461.69921875
-44461.69921875
-44461.69921875
-44461.703125
-44461.703125
-44461.69921875
-44461.6953125
-44461.69921875
-44461.69921875
-44461.69921875
-44461.6953125
-44461.69921875
-44461.69921875
-44461.703125
-44461.6953125
-44461.703125
-44461.69921875
-44461.6953125
-44461.6953125
-44461.703125
-44461.703125
-44461.6953125
-44461.6953125
-44461.69921875
-44461.703125
-44461.703125
-44461.69921875
-44461.69921875
-44461.69921875
-44461.69921875
-44461.69921875
-44461.69921875
-44461.69921875
-44461.6953125
-44461.69921875
-44461.69921875
-44461.69921875
-44461.69921875
-44461.69921875
-44461.69921875
-44461.69921875
-44461.69921875
-44461.6953125
-44461.6953125
-44461.6953125
-44461.69921875
-44461.6953125
-44461.6953125
-44461.6953125
-44461.703125
-44461.703125
-44461.703125
-44461.703125
-44461.703125
-44461.703125
-44461.69921875
-44461.69921875
-44461.69921875
-44461.69921875
-44461.69921875
-44461.69921875
-44461.69921875
-44461.69921875
-44461.6953125
-44461.6953125
-44461.69921875
-44461.69921875
-44461.69921875
-44461.69921875
