-36049.90234375
-35885.19140625
-36124.625
-36140.05859375
-36106.3515625
-36146.80078125
-36204.4765625
-36230.30859375
-36224.30078125
-36215.20703125
-36223.59765625
-36246.19921875
-36266.05078125
-36271.94140625
-36268.29296875
-36266.796875
-36272.8671875
-36282.61328125
-36290.26953125
-36293.41015625
-36293.66796875
-36294.5078125
-36297.80859375
-36302.6015625
-36306.71484375
-36309.19921875
-36310.9609375
-36313.23046875
-36316.05859375
-36318.7421875
-36320.75390625
-36322.11328125
-36323.23828125
-36324.6640625
-36326.515625
-36328.26953125
-36329.5234375
-36330.4375
-36331.3515625
-36332.47265625
-36333.62109375
-36334.56640625
-36335.2734375
-36335.9375
-36336.71484375
-36337.4921875
-36338.0703125
-36338.52734375
-36339.0078125
-36339.55859375
