-44428.0078125
-44297.99609375
-44411.70703125
-44389.59765625
-44355.22265625
-44376.35546875
-44409.56640625
-44419.01953125
-44406.22265625
-44394.9765625
-44399.11328125
-44412.25390625
-44421.22265625
-44420.40625
-44414.62109375
-44411.73828125
-44414.68359375
-44420.3046875
-44423.765625
-44423.1875
-44420.7109375
-44419.69140625
-44421.296875
-44423.890625
-44425.32421875
-44425.09375
-44424.20703125
-44423.90625
-44424.60546875
-44425.67578125
-44426.265625
-44426.1953125
-44426.0
-44426.09375
-44426.43359375
-44426.71875
-44426.8515625
-44426.94140625
-44427.07421875
-44427.19140625
-44427.24609375
-44427.296875
-44427.40625
-44427.57421875
-44427.6875
-44427.67578125
-44427.66015625
-44427.7421875
-44427.91796875
-44428.0234375
-44428.02734375
-44428.0
-44428.0703125
-44428.21484375
-44428.3359375
-44428.36328125
-44428.37890625
-44428.46875
-44428.61328125
-44428.74609375
-44428.828125
-44428.89453125
-44429.0234375
-44429.19921875
-44429.36328125
-44429.484375
-44429.609375
-44429.78515625
-44429.9765625
-44430.16015625
-44430.328125
-44430.4921875
-44430.6796875
-44430.87109375
-44431.03125
-44431.1953125
-44431.3515625
-44431.515625
-44431.66796875
-44431.8125
-44431.94140625
-44432.07421875
-44432.203125
-44432.3203125
-44432.43359375
-44432.54296875
-44432.640625
-44432.74609375
-44432.83203125
-44432.93359375
-44433.015625
-44433.09765625
-44433.1796875
-44433.24609375
-44433.32421875
-44433.390625
-44433.44921875
-44433.51171875
-44433.55859375
-44433.6171875
-44433.66015625
-44433.69921875
-44433.7421875
-44433.7734375
-44433.8125
-44433.84375
-44433.87109375
-44433.8984375
-44433.91796875
-44433.9453125
-44433.96484375
-44433.984375
-44434.0
-44434.015625
-44434.0390625
-44434.05078125
-44434.06640625
-44434.078125
-44434.09765625
-44434.109375
-44434.1171875
-44434.12890625
-44434.140625
-44434.15625
-44434.1640625
-44434.171875
-44434.18359375
-44434.19140625
-44434.19921875
-44434.203125
-44434.2109375
-44434.2109375
-44434.22265625
-44434.2265625
-44434.23046875
-44434.234375
-44434.2421875
-44434.2421875
-44434.2421875
-44434.2421875
-44434.25390625
-44434.25
-44434.25390625
-44434.25390625
-44434.25390625
-44434.25390625
-44434.25390625
-44434.2578125
-44434.25390625
-44434.2578125
-44434.26171875
-44434.2578125
-44434.26171875
-44434.2578125
-44434.2578125
-44434.26171875
-44434.2578125
-44434.265625
-44434.25390625
-44434.26171875
-44434.2578125
-44434.26171875
-44434.25390625
-44434.25390625
-44434.2578125
-44434.2578125
-44434.2578125
-44434.2578125
-44434.2578125
-44434.26171875
-44434.2578125
-44434.2578125
-44434.2578125
-44434.2578125
-44434.26171875
-44434.26171875
-44434.26171875
-44434.26171875
-44434.2578125
-44434.2578125
-44434.26171875
-44434.26171875
-44434.26171875
-44434.26171875
-44434.26171875
-44434.26171875
-44434.265625
-44434.265625
-44434.26171875
-44434.26171875
-44434.2578125
-44434.26171875
-44434.2578125
-44434.2578125
-44434.2578125
-44434.2578125
-44434.26171875
-44434.2578125
-44434.2578125
-44434.2578125
