-44434.26171875
-44273.24609375
-44422.109375
-44394.5
-44344.67578125
-44368.30078125
-44412.28515625
-44428.43359375
-44412.90625
-44394.5390625
-44395.6328125
-44412.1953125
-44427.109375
-44428.92578125
-44420.609375
-44413.77734375
-44415.76171875
-44423.83203125
-44430.13671875
-44430.0859375
-44426.05078125
-44423.57421875
-44425.36328125
-44429.375
-44431.8125
-44431.16796875
-44429.18359375
-44428.546875
-44430.01953125
-44432.078125
-44432.8203125
-44432.02734375
-44431.08984375
-44431.27734375
-44432.40234375
-44433.2890625
-44433.22265625
-44432.640625
-44432.4296875
-44432.88671875
-44433.51953125
-44433.71484375
-44433.4375
-44433.1953125
-44433.35546875
-44433.7421875
-44433.91796875
-44433.80078125
-44433.6484375
-44433.70703125
-44433.91015625
-44434.0390625
-44433.9921875
-44433.8984375
-44433.921875
-44434.05078125
-44434.12890625
-44434.09765625
-44434.03125
-44434.0546875
-44434.1328125
-44434.1796875
-44434.1640625
-44434.125
-44434.14453125
-44434.19140625
-44434.21484375
-44434.19921875
-44434.17578125
-44434.1953125
-44434.21875
-44434.23046875
-44434.21875
-44434.2109375
-44434.21875
-44434.234375
-44434.234375
-44434.234375
-44434.23046875
-44434.2421875
-44434.24609375
-44434.24609375
-44434.2421875
-44434.2421875
-44434.25
-44434.25390625
-44434.25390625
-44434.25
-44434.25390625
-44434.25390625
-44434.24609375
-44434.25
-44434.25390625
-44434.25390625
-44434.25390625
-44434.2578125
-44434.2578125
-44434.2578125
-44434.25390625
-44434.25390625
-44434.2578125
-44434.2578125
-44434.2578125
-44434.26171875
-44434.2578125
-44434.2578125
-44434.26171875
-44434.2578125
-44434.25390625
-44434.26171875
-44434.26171875
-44434.2578125
-44434.26171875
-44434.26171875
-44434.2578125
-44434.2578125
-44434.2578125
-44434.26171875
-44434.2578125
-44434.2578125
-44434.2578125
-44434.26171875
-44434.26171875
-44434.2578125
-44434.2578125
-44434.2578125
-44434.265625
-44434.2578125
-44434.2578125
-44434.26171875
-44434.2578125
-44434.26171875
-44434.26171875
-44434.26171875
-44434.26171875
-44434.26171875
-44434.265625
-44434.2578125
-44434.2578125
-44434.26171875
-44434.26171875
-44434.2578125
-44434.26171875
-44434.2578125
-44434.265625
-44434.26171875
-44434.26171875
-44434.2578125
-44434.2578125
-44434.2578125
-44434.2578125
-44434.2578125
-44434.26171875
-44434.26171875
-44434.26171875
-44434.26171875
-44434.26171875
-44434.26171875
-44434.26171875
-44434.2578125
-44434.2578125
-44434.2578125
-44434.26171875
-44434.26171875
-44434.26171875
-44434.26171875
-44434.26171875
-44434.2578125
-44434.2578125
-44434.2578125
-44434.26171875
-44434.26171875
-44434.26171875
-44434.26171875
-44434.26171875
-44434.2578125
-44434.2578125
-44434.26171875
-44434.26171875
-44434.26171875
-44434.26171875
-44434.26171875
-44434.26171875
-44434.2578125
-44434.2578125
-44434.26171875
-44434.26171875
-44434.26171875
-44434.26171875
-44434.26171875
-44434.26171875
-44434.26171875
-44434.2578125
-44434.26171875
-44434.26171875
-44434.26171875
-44434.26171875
-44434.26171875
-44434.26171875
-44434.26171875
