-44434.2578125
-44329.90234375
-44414.703125
-44405.2421875
-44380.03515625
-44389.69921875
-44413.01953125
-44423.75390625
-44419.05859375
-44412.11328125
-44412.0390625
-44418.06640625
-44424.66796875
-44426.94921875
-44424.9296875
-44422.87109375
-44423.87890625
-44426.98046875
-44429.34375
-44429.5625
-44428.625
-44428.3359375
-44429.2734375
-44430.64453125
-44431.421875
-44431.31640625
-44430.9765625
-44431.1640625
-44431.890625
-44432.4921875
-44432.5625
-44432.35546875
-44432.3515625
-44432.6796875
-44433.109375
-44433.33984375
-44433.2890625
-44433.13671875
-44433.171875
-44433.4140625
-44433.66015625
-44433.734375
-44433.67578125
-44433.640625
-44433.703125
-44433.8359375
-44433.94140625
-44433.94921875
-44433.90234375
-44433.90625
-44433.98046875
-44434.0546875
-44434.0859375
-44434.06640625
-44434.0625
-44434.07421875
-44434.12109375
-44434.1484375
-44434.1484375
-44434.1484375
-44434.16015625
-44434.16796875
-44434.1796875
-44434.19140625
-44434.19921875
-44434.2109375
-44434.2109375
-44434.20703125
-44434.2109375
-44434.21875
-44434.2265625
-44434.23046875
-44434.2265625
-44434.2265625
-44434.234375
-44434.24609375
-44434.2421875
-44434.234375
-44434.23828125
-44434.24609375
-44434.25390625
-44434.25
-44434.24609375
-44434.25
-44434.25390625
-44434.25390625
-44434.25390625
-44434.25390625
-44434.2578125
-44434.2578125
-44434.25390625
-44434.25390625
-44434.25390625
-44434.2578125
-44434.2578125
-44434.2578125
-44434.26171875
-44434.25390625
-44434.25390625
-44434.26171875
-44434.2578125
-44434.2578125
-44434.2578125
-44434.26171875
-44434.2578125
-44434.26171875
-44434.2578125
-44434.2578125
-44434.2578125
-44434.25390625
-44434.26171875
-44434.2578125
-44434.26171875
-44434.26171875
-44434.26171875
-44434.2578125
-44434.26171875
-44434.26171875
-44434.2578125
-44434.26171875
-44434.2578125
-44434.2578125
-44434.26171875
-44434.26171875
-44434.26171875
-44434.26171875
-44434.2578125
-44434.26171875
-44434.2578125
-44434.26171875
-44434.265625
-44434.26171875
-44434.26171875
-44434.26171875
-44434.2578125
-44434.26171875
-44434.26171875
-44434.265625
-44434.2578125
-44434.26171875
-44434.26171875
-44434.26171875
-44434.26171875
-44434.2578125
-44434.26171875
-44434.26171875
-44434.2578125
-44434.2578125
-44434.26171875
-44434.26171875
-44434.26171875
-44434.265625
-44434.2578125
-44434.26171875
-44434.26171875
-44434.26171875
-44434.26171875
-44434.26171875
-44434.26171875
-44434.2578125
-44434.2578125
-44434.26171875
-44434.26171875
-44434.26171875
-44434.26171875
-44434.26171875
-44434.2578125
-44434.26171875
-44434.26171875
-44434.26171875
-44434.26171875
-44434.26171875
-44434.26171875
-44434.26171875
-44434.2578125
-44434.2578125
-44434.26171875
-44434.26171875
-44434.26171875
-44434.26171875
-44434.26171875
-44434.26171875
-44434.26171875
-44434.26171875
-44434.26171875
-44434.26171875
-44434.26171875
-44434.2578125
-44434.26171875
-44434.26171875
-44434.2578125
-44434.26171875
-44434.26171875
-44434.26171875
-44434.26171875
-44434.26171875
-44434.26171875
-44434.26171875
-44434.26171875
-44434.26171875
