-44276.75390625
-44224.484375
-44273.015625
-44271.4140625
-44266.69140625
-44277.4296875
-44286.10546875
-44287.93359375
-44289.87109375
-44293.46875
-44296.01171875
-44297.76171875
-44300.16796875
-44302.69921875
-44304.359375
-44305.484375
-44307.05078125
-44309.26171875
-44311.52734375
-44312.9765625
-44313.5078125
-44314.30078125
-44316.16015625
-44318.25
-44319.48046875
-44319.953125
-44320.578125
-44321.921875
-44323.6953125
-44325.11328125
-44325.97265625
-44326.83203125
-44328.1484375
-44329.671875
-44331.03125
-44332.1328125
-44333.22265625
-44334.53515625
-44336.0
-44337.4453125
-44338.86328125
-44340.39453125
-44342.05078125
-44343.70703125
-44345.2890625
-44346.86328125
-44348.5078125
-44350.19140625
-44351.8515625
-44353.49609375
-44355.15625
-44356.83984375
-44358.5859375
-44360.42578125
-44362.28125
-44364.02734375
-44365.609375
-44367.0234375
-44368.27734375
-44369.38671875
-44370.31640625
-44371.08203125
-44371.53125
-44371.80859375
-44372.13671875
-44372.46875
-44372.7265625
-44373.125
-44373.66015625
-44374.16796875
-44374.68359375
-44375.23046875
-44375.72265625
-44376.23046875
-44376.7890625
-44377.3046875
-44377.83203125
-44378.36328125
-44378.8828125
-44379.40234375
-44379.9609375
-44380.50390625
-44381.05859375
-44381.609375
-44382.1484375
-44382.6640625
-44383.16015625
-44383.65234375
-44384.11328125
-44384.56640625
-44385.02734375
-44385.46875
-44385.8984375
-44386.28125
-44386.6328125
-44386.96875
-44387.29296875
-44387.625
-44387.953125
-44388.26953125
-44388.55859375
-44388.86328125
-44389.1640625
-44389.46875
-44389.7890625
-44390.12109375
-44390.4453125
-44390.78125
-44391.11328125
-44391.4375
-44391.7578125
-44392.078125
-44392.3828125
-44392.67578125
-44392.9609375
-44393.23828125
-44393.5234375
-44393.8046875
-44394.08203125
-44394.37109375
-44394.6640625
-44394.96875
-44395.296875
-44395.64453125
-44396.01171875
-44396.39453125
-44396.8125
-44397.265625
-44397.7578125
-44398.27734375
-44398.859375
-44399.50390625
-44400.23046875
-44401.05859375
-44401.98828125
-44403.046875
-44404.1953125
-44405.23046875
-44405.69921875
-44405.8984375
-44406.48828125
-44407.05859375
-44407.44140625
-44407.90625
-44408.3828125
-44408.859375
-44409.30859375
-44409.79296875
-44410.19921875
-44410.66796875
-44411.12109375
-44411.57421875
-44412.015625
-44412.48046875
-44412.94140625
-44413.43359375
-44413.95703125
-44414.49609375
-44415.07421875
-44415.6640625
-44416.22265625
-44416.76953125
-44417.23828125
-44417.62109375
-44417.9296875
-44418.140625
-44418.21875
-44418.1875
-44418.21484375
-44418.6015625
-44418.8046875
-44418.80859375
-44419.19140625
-44419.41015625
-44419.54296875
-44419.9296875
-44420.08203125
-44420.34765625
-44420.61328125
-44420.75
-44421.015625
-44421.1328125
-44421.328125
-44421.48828125
-44421.61328125
-44421.8125
-44421.92578125
-44422.1171875
-44422.27734375
-44422.4375
-44422.6328125
-44422.76953125
-44422.94921875
-44423.09375
-44423.2265625
-44423.3671875
-44423.48046875
-44423.6015625
-44423.71875
-44423.82421875
