-44423.82421875
-44344.25
-44407.80078125
-44388.59765625
-44390.453125
-44401.5625
-44401.5390625
-44400.09375
-44403.4296875
-44407.91796875
-44409.92578125
-44410.23828125
-44411.28125
-44413.5859375
-44415.9765625
-44417.32421875
-44417.58984375
-44417.58203125
-44418.01953125
-44418.98046875
-44420.0625
-44420.76953125
-44421.12890625
-44421.48828125
-44421.99609375
-44422.32421875
-44422.375
-44422.5
-44422.921875
-44423.4921875
-44423.85546875
-44423.81640625
-44423.703125
-44423.91796875
-44424.33984375
-44424.59375
-44424.64453125
-44424.703125
-44424.8984375
-44425.11328125
-44425.17578125
-44425.16015625
-44425.2109375
-44425.33984375
-44425.48828125
-44425.58203125
-44425.6484375
-44425.73046875
-44425.82421875
-44425.90234375
-44425.9609375
-44426.0234375
-44426.1015625
-44426.1796875
-44426.2265625
-44426.26953125
-44426.3515625
-44426.44140625
-44426.50390625
-44426.55078125
-44426.6171875
-44426.6796875
-44426.73828125
-44426.796875
-44426.8671875
-44426.92578125
-44426.98046875
-44427.03125
-44427.09765625
-44427.15234375
-44427.203125
-44427.25
-44427.30078125
-44427.34375
-44427.39453125
-44427.44140625
-44427.4765625
-44427.515625
-44427.546875
-44427.578125
-44427.61328125
-44427.640625
-44427.66015625
-44427.6875
-44427.703125
-44427.7265625
-44427.74609375
-44427.76171875
-44427.7734375
-44427.78515625
-44427.79296875
-44427.8046875
-44427.8125
-44427.828125
-44427.828125
-44427.8359375
-44427.84375
-44427.84765625
-44427.86328125
-44427.87109375
-44427.87890625
-44427.8828125
-44427.88671875
-44427.89453125
-44427.90234375
-44427.9140625
-44427.91796875
-44427.92578125
-44427.92578125
-44427.9375
-44427.9453125
-44427.9453125
-44427.95703125
-44427.9609375
-44427.9609375
-44427.96875
-44427.96875
-44427.97265625
-44427.98046875
-44427.98046875
-44427.98046875
-44427.9765625
-44427.98046875
-44427.98828125
-44427.984375
-44427.9921875
-44427.9921875
-44427.9921875
-44427.98828125
-44428.0
-44427.99609375
-44427.99609375
-44427.99609375
-44428.0
-44428.0
-44428.0078125
-44428.00390625
-44428.0078125
-44428.0078125
-44428.00390625
-44428.0078125
-44428.00390625
-44428.0078125
-44428.0078125
-44428.0078125
-44428.0078125
-44428.0078125
-44428.0078125
-44428.015625
-44428.0078125
-44428.0078125
-44428.0078125
-44428.01171875
-44428.0078125
-44428.015625
-44428.01171875
-44428.0078125
-44428.01171875
-44428.01171875
-44428.015625
-44428.015625
-44428.015625
-44428.015625
-44428.015625
-44428.015625
-44428.0078125
-44428.0078125
-44428.01171875
-44428.01953125
-44428.01171875
-44428.0078125
-44428.0078125
-44428.01171875
-44428.0078125
-44428.01171875
-44428.01171875
-44428.01171875
-44428.01171875
-44428.01171875
-44428.0078125
-44428.0078125
-44428.01171875
-44428.0078125
-44428.01171875
-44428.0078125
-44428.01171875
-44428.01171875
-44428.01171875
-44428.01171875
-44428.01171875
-44428.01171875
-44428.015625
-44428.015625
-44428.01171875
-44428.01171875
-44428.01171875
-44428.01171875
-44428.015625
-44428.0078125
-44428.0078125
