-36076.67578125
-35883.19140625
-36143.37109375
-36137.81640625
-36094.13671875
-36146.00390625
-36206.5390625
-36225.41015625
-36213.66015625
-36203.59765625
-36214.609375
-36240.12109375
-36260.5078125
-36264.8359375
-36259.4765625
-36258.3359375
-36266.859375
-36279.21484375
-36287.5703125
-36289.8671875
-36289.76953125
-36291.5859375
-36296.375
-36301.9296875
-36305.82421875
-36307.81640625
-36309.26953125
-36311.33984375
-36314.140625
-36316.953125
-36319.06640625
-36320.46875
-36321.63671875
-36322.9921875
-36324.6953125
-36326.34765625
-36327.52734375
-36328.30859375
-36329.1640625
-36330.265625
-36331.375
-36332.2265625
-36332.85546875
-36333.49609375
-36334.265625
-36335.0625
-36335.77734375
-36336.34375
-36336.796875
-36337.22265625
