-44407.49609375
-44366.359375
-44381.3046875
-44386.43359375
-44390.875
-44391.765625
-44396.60546875
-44399.94140625
-44398.71484375
-44398.14453125
-44400.35546875
-44402.5
-44403.33203125
-44403.86328125
-44404.453125
-44404.859375
-44405.171875
-44405.890625
-44406.51953125
-44406.5078125
-44406.6953125
-44407.53515625
-44408.19921875
-44408.171875
-44408.09765625
-44408.48046875
-44408.93359375
-44409.0390625
-44408.984375
-44409.05078125
-44409.33203125
-44409.69140625
-44410.0
-44410.125
-44410.0703125
-44410.1015625
-44410.296875
-44410.515625
-44410.64453125
-44410.76171875
-44410.87109375
-44410.94140625
-44411.0390625
-44411.19921875
-44411.35546875
-44411.453125
-44411.54296875
-44411.6875
-44411.8828125
-44412.06640625
-44412.25390625
-44412.5078125
-44412.859375
-44413.3125
-44413.90625
-44414.71484375
-44415.79296875
-44417.06640625
-44418.4765625
-44419.984375
-44421.53515625
-44422.97265625
-44423.99609375
-44424.515625
-44425.04296875
-44425.64453125
-44426.19140625
-44426.5234375
-44426.72265625
-44426.9609375
-44427.03515625
-44426.9765625
-44426.96875
-44426.93359375
-44426.91015625
-44427.0
-44427.125
-44427.21484375
-44427.28125
-44427.31640625
-44427.35546875
-44427.421875
-44427.4765625
-44427.515625
-44427.58984375
-44427.69921875
-44427.7734375
-44427.82421875
-44427.87890625
-44427.8984375
-44427.921875
-44427.92578125
-44427.91796875
-44427.921875
-44427.921875
-44427.91796875
-44427.9296875
-44427.94140625
-44427.953125
-44427.9609375
-44427.97265625
-44427.98828125
-44427.99609375
-44428.01171875
-44428.01171875
-44428.0234375
-44428.03515625
-44428.03515625
-44428.046875
-44428.046875
-44428.05078125
-44428.05078125
-44428.0546875
-44428.0546875
-44428.0625
-44428.0625
-44428.06640625
-44428.06640625
-44428.0625
-44428.0703125
-44428.07421875
-44428.078125
-44428.07421875
-44428.078125
-44428.07421875
-44428.078125
-44428.0703125
-44428.078125
-44428.07421875
-44428.08203125
-44428.078125
-44428.07421875
-44428.078125
-44428.07421875
-44428.078125
-44428.078125
-44428.0859375
-44428.0859375
-44428.08203125
-44428.08203125
-44428.08203125
-44428.08203125
-44428.08203125
-44428.0859375
-44428.0859375
-44428.0859375
-44428.08203125
-44428.08984375
-44428.0859375
-44428.0859375
-44428.0859375
-44428.0859375
-44428.08203125
-44428.08203125
-44428.08203125
-44428.0859375
-44428.08203125
-44428.0859375
-44428.08203125
-44428.08203125
-44428.0859375
-44428.0859375
-44428.0859375
-44428.08203125
-44428.08203125
-44428.08203125
-44428.08203125
-44428.0859375
-44428.08203125
-44428.08203125
-44428.08203125
-44428.0859375
-44428.08203125
-44428.08203125
-44428.0859375
-44428.08203125
-44428.0859375
-44428.08203125
-44428.0859375
-44428.08203125
-44428.0859375
-44428.0859375
-44428.0859375
-44428.0859375
-44428.08203125
-44428.0859375
-44428.0859375
-44428.08203125
-44428.08203125
-44428.0859375
-44428.078125
-44428.0703125
-44428.05078125
-44428.0234375
-44427.97265625
-44427.9296875
-44427.95703125
-44428.02734375
-44428.0859375
-44428.06640625
