-44428.06640625
-44259.36328125
-44414.2890625
-44389.8125
-44336.83203125
-44358.234375
-44401.51953125
-44417.66796875
-44402.87890625
-44385.36328125
-44386.5078125
-44402.48828125
-44417.3046875
-44419.98046875
-44412.95703125
-44406.9921875
-44408.796875
-44416.05078125
-44422.203125
-44423.23828125
-44420.3828125
-44417.7578125
-44418.171875
-44421.1171875
-44423.99609375
-44424.7890625
-44423.8125
-44422.89453125
-44423.27734375
-44424.57421875
-44425.61328125
-44425.78125
-44425.46484375
-44425.3515625
-44425.6953125
-44426.1640625
-44426.4453125
-44426.5625
-44426.6640625
-44426.82421875
-44426.9296875
-44426.98828125
-44427.078125
-44427.2421875
-44427.3828125
-44427.41015625
-44427.36328125
-44427.3984375
-44427.546875
-44427.6953125
-44427.71875
-44427.65234375
-44427.65234375
-44427.75390625
-44427.859375
-44427.86328125
-44427.80859375
-44427.80859375
-44427.8828125
-44427.953125
-44427.95703125
-44427.91796875
-44427.9140625
-44427.96484375
-44428.00390625
-44428.015625
-44427.984375
-44427.984375
-44428.015625
-44428.04296875
-44428.03125
-44428.0234375
-44428.02734375
-44428.04296875
-44428.0546875
-44428.05078125
-44428.046875
-44428.05078125
-44428.0625
-44428.06640625
-44428.05859375
-44428.0625
-44428.0703125
-44428.07421875
-44428.0703125
-44428.0703125
-44428.0703125
-44428.078125
-44428.07421875
-44428.0703125
-44428.08203125
-44428.08203125
-44428.0859375
-44428.078125
-44428.07421875
-44428.078125
-44428.078125
-44428.078125
-44428.078125
-44428.078125
-44428.08203125
-44428.08203125
-44428.078125
-44428.078125
-44428.078125
-44428.08203125
-44428.0859375
-44428.08203125
-44428.0859375
-44428.08203125
-44428.0859375
-44428.078125
-44428.0859375
-44428.0859375
-44428.078125
-44428.08203125
-44428.08203125
-44428.08984375
-44428.08203125
-44428.0859375
-44428.0859375
-44428.0859375
-44428.0859375
-44428.0859375
-44428.08984375
-44428.08203125
-44428.08984375
-44428.0859375
-44428.078125
-44428.08203125
-44428.08203125
-44428.0859375
-44428.0859375
-44428.08203125
-44428.08203125
-44428.08203125
-44428.08203125
-44428.0859375
-44428.0859375
-44428.0859375
-44428.0859375
-44428.0859375
-44428.08203125
-44428.08203125
-44428.08203125
-44428.08203125
-44428.08203125
-44428.08203125
-44428.0859375
-44428.08203125
-44428.08203125
-44428.0859375
-44428.0859375
-44428.0859375
-44428.08203125
-44428.0859375
-44428.0859375
-44428.08203125
-44428.08203125
-44428.08203125
-44428.08203125
-44428.0859375
-44428.08984375
-44428.0859375
-44428.08984375
-44428.08984375
-44428.0859375
-44428.08984375
-44428.0859375
-44428.0859375
-44428.0859375
-44428.0859375
-44428.0859375
-44428.0859375
-44428.0859375
-44428.0859375
-44428.0859375
-44428.0859375
-44428.0859375
-44428.08203125
-44428.0859375
-44428.08203125
-44428.08203125
-44428.0859375
-44428.08203125
-44428.08203125
-44428.08203125
-44428.08203125
-44428.0859375
-44428.0859375
-44428.08203125
-44428.0859375
-44428.08203125
-44428.0859375
-44428.08203125
-44428.0859375
-44428.08203125
-44428.08203125
-44428.0859375
-44428.0859375
