-44218.90625
-44170.1484375
-44219.29296875
-44209.703125
-44209.98828125
-44222.55859375
-44229.1015625
-44229.734375
-44230.36328125
-44233.44140625
-44237.7890625
-44241.57421875
-44243.76171875
-44244.72265625
-44245.8125
-44247.72265625
-44249.96875
-44251.71484375
-44252.84375
-44254.0078125
-44255.6171875
-44257.27734375
-44258.53125
-44259.55859375
-44260.69921875
-44261.8125
-44262.58984375
-44263.12109375
-44263.69921875
-44264.41015625
-44265.1328125
-44265.875
-44266.64453125
-44267.35546875
-44268.00390625
-44268.70703125
-44269.5
-44270.296875
-44271.01171875
-44271.72265625
-44272.46484375
-44273.171875
-44273.8359375
-44274.515625
-44275.2734375
-44276.0703125
-44276.8359375
-44277.56640625
-44278.34375
-44279.17578125
-44279.9921875
-44280.77734375
-44281.5703125
-44282.3984375
-44283.22265625
-44284.04296875
-44284.859375
-44285.703125
-44286.5703125
-44287.43359375
-44288.296875
-44289.17578125
-44290.08203125
-44291.00390625
-44291.9140625
-44292.8203125
-44293.75390625
-44294.71875
-44295.6796875
-44296.64453125
-44297.63671875
-44298.63671875
-44299.65234375
-44300.6796875
-44301.72265625
-44302.7734375
-44303.84375
-44304.921875
-44306.015625
-44307.125
-44308.25
-44309.390625
-44310.53515625
-44311.70703125
-44312.890625
-44314.0859375
-44315.30078125
-44316.5234375
-44317.765625
-44319.01953125
-44320.2890625
-44321.56640625
-44322.8671875
-44324.16796875
-44325.48828125
-44326.80859375
-44328.1484375
-44329.49609375
-44330.8671875
-44332.265625
-44333.6875
-44335.1328125
-44336.609375
-44338.10546875
-44339.625
-44341.17578125
-44342.7578125
-44344.34765625
-44345.9453125
-44347.51953125
-44349.01953125
-44350.484375
-44351.95703125
-44353.49609375
-44355.06640625
-44356.63671875
-44358.16015625
-44359.66015625
-44361.18359375
-44362.71484375
-44364.14453125
-44365.41796875
-44366.66796875
-44368.0390625
-44369.5546875
-44371.0859375
-44372.421875
-44373.48046875
-44374.24609375
-44374.62109375
-44375.30859375
-44375.875
-44376.6171875
-44377.23046875
-44377.875
-44378.40234375
-44379.03125
-44379.41796875
-44379.96484375
-44380.4375
-44380.875
-44381.38671875
-44381.8671875
-44382.44140625
-44383.07421875
-44383.7265625
-44384.43359375
-44385.16015625
-44385.94921875
-44386.6875
-44387.34765625
-44387.9375
-44388.4375
-44388.86328125
-44389.32421875
-44389.83203125
-44390.35546875
-44390.7890625
-44391.13671875
-44391.45703125
-44391.73828125
-44392.00390625
-44392.27734375
-44392.53125
-44392.71875
-44392.90234375
-44393.12890625
-44393.39453125
-44393.66796875
-44393.96484375
-44394.2734375
-44394.609375
-44394.94921875
-44395.34375
-44395.79296875
-44396.2890625
-44396.8515625
-44397.48046875
-44398.19140625
-44398.9765625
-44399.8359375
-44400.765625
-44401.73046875
-44402.67578125
-44403.5234375
-44404.18359375
-44404.6171875
-44404.8828125
-44405.06640625
-44405.22265625
-44405.390625
-44405.59375
-44405.8046875
-44406.02734375
-44406.25
-44406.4921875
-44406.75
-44407.00390625
-44407.25
-44407.49609375
