-44428.0859375
-44280.96875
-44414.52734375
-44389.1015625
-44349.75390625
-44371.28125
-44405.82421875
-44416.578125
-44405.33984375
-44394.6171875
-44397.45703125
-44408.8203125
-44417.34765625
-44418.02734375
-44414.7421875
-44413.2890625
-44415.31640625
-44418.56640625
-44420.43359375
-44420.6875
-44420.671875
-44421.40625
-44422.65625
-44423.4296875
-44423.3828125
-44423.23046875
-44423.73828125
-44424.75390625
-44425.5
-44425.5390625
-44425.23828125
-44425.25
-44425.796875
-44426.4765625
-44426.765625
-44426.578125
-44426.375
-44426.53125
-44426.9453125
-44427.25390625
-44427.26953125
-44427.16796875
-44427.16796875
-44427.32421875
-44427.48828125
-44427.5625
-44427.57421875
-44427.59765625
-44427.64453125
-44427.67578125
-44427.70703125
-44427.7734375
-44427.83984375
-44427.859375
-44427.83203125
-44427.83203125
-44427.87890625
-44427.94140625
-44427.953125
-44427.93359375
-44427.921875
-44427.9609375
-44428.00390625
-44428.01171875
-44427.984375
-44427.9765625
-44428.01171875
-44428.046875
-44428.046875
-44428.0234375
-44428.0234375
-44428.03515625
-44428.06640625
-44428.0546875
-44428.04296875
-44428.046875
-44428.05859375
-44428.06640625
-44428.06640625
-44428.06640625
-44428.05859375
-44428.0703125
-44428.06640625
-44428.07421875
-44428.07421875
-44428.078125
-44428.078125
-44428.07421875
-44428.078125
-44428.08203125
-44428.078125
-44428.078125
-44428.07421875
-44428.078125
-44428.08203125
-44428.08203125
-44428.078125
-44428.08203125
-44428.0859375
-44428.08203125
-44428.0859375
-44428.08203125
-44428.08203125
-44428.0859375
-44428.08203125
-44428.0859375
-44428.08203125
-44428.08203125
-44428.078125
-44428.08203125
-44428.08203125
-44428.08203125
-44428.078125
-44428.08203125
-44428.0859375
-44428.0859375
-44428.08203125
-44428.0859375
-44428.08984375
-44428.0859375
-44428.08203125
-44428.0859375
-44428.0859375
-44428.0859375
-44428.08203125
-44428.0859375
-44428.08203125
-44428.08203125
-44428.08203125
-44428.0859375
-44428.0859375
-44428.08203125
-44428.078125
-44428.08203125
-44428.0859375
-44428.0859375
-44428.08203125
-44428.0859375
-44428.08203125
-44428.0859375
-44428.0859375
-44428.0859375
-44428.0859375
-44428.0859375
-44428.0859375
-44428.0859375
-44428.0859375
-44428.0859375
-44428.0859375
-44428.0859375
-44428.0859375
-44428.0859375
-44428.0859375
-44428.08203125
-44428.08203125
-44428.08203125
-44428.08203125
-44428.0859375
-44428.0859375
-44428.0859375
-44428.08203125
-44428.0859375
-44428.08203125
-44428.08203125
-44428.0859375
-44428.0859375
-44428.0859375
-44428.08203125
-44428.0859375
-44428.0859375
-44428.08203125
-44428.0859375
-44428.0859375
-44428.0859375
-44428.0859375
-44428.0859375
-44428.0859375
-44428.0859375
-44428.0859375
-44428.0859375
-44428.0859375
-44428.0859375
-44428.0859375
-44428.0859375
-44428.0859375
-44428.0859375
-44428.0859375
-44428.0859375
-44428.0859375
-44428.0859375
-44428.0859375
-44428.0859375
-44428.0859375
-44428.0859375
-44428.08203125
-44428.0859375
-44428.0859375
-44428.0859375
-44428.0859375
-44428.0859375
