-44428.0859375
-44289.875
-44410.1171875
-44395.44140625
-44355.4453125
-44369.1171875
-44404.32421875
-44420.44140625
-44410.78515625
-44396.52734375
-44395.796875
-44407.01171875
-44418.4140625
-44421.69140625
-44417.5703125
-44412.83984375
-44412.91796875
-44417.45703125
-44422.23828125
-44423.7890625
-44422.203125
-44420.33203125
-44420.515625
-44422.58203125
-44424.640625
-44425.24609375
-44424.5625
-44423.9375
-44424.37890625
-44425.4921875
-44426.265625
-44426.25
-44425.86328125
-44425.765625
-44426.1796875
-44426.765625
-44427.06640625
-44426.9921875
-44426.828125
-44426.84765625
-44427.109375
-44427.41015625
-44427.51171875
-44427.4140625
-44427.33203125
-44427.42578125
-44427.6328125
-44427.7578125
-44427.72265625
-44427.640625
-44427.6640625
-44427.78515625
-44427.890625
-44427.89453125
-44427.83203125
-44427.82421875
-44427.8828125
-44427.9609375
-44427.9765625
-44427.9453125
-44427.9296875
-44427.95703125
-44428.01171875
-44428.015625
-44427.99609375
-44427.9921875
-44428.015625
-44428.03515625
-44428.03515625
-44428.0234375
-44428.02734375
-44428.04296875
-44428.05859375
-44428.05078125
-44428.05078125
-44428.05078125
-44428.06640625
-44428.0703125
-44428.06640625
-44428.05859375
-44428.07421875
-44428.078125
-44428.07421875
-44428.07421875
-44428.0703125
-44428.078125
-44428.08203125
-44428.07421875
-44428.07421875
-44428.07421875
-44428.07421875
-44428.078125
-44428.08203125
-44428.08203125
-44428.078125
-44428.0859375
-44428.07421875
-44428.0859375
-44428.08203125
-44428.0859375
-44428.0859375
-44428.078125
-44428.08203125
-44428.0859375
-44428.08203125
-44428.08203125
-44428.08203125
-44428.0859375
-44428.08203125
-44428.08203125
-44428.0859375
-44428.0859375
-44428.0859375
-44428.0859375
-44428.08203125
-44428.08984375
-44428.08203125
-44428.0859375
-44428.08203125
-44428.0859375
-44428.08203125
-44428.0859375
-44428.08203125
-44428.08203125
-44428.08203125
-44428.08203125
-44428.0859375
-44428.0859375
-44428.08203125
-44428.08203125
-44428.0859375
-44428.0859375
-44428.0859375
-44428.08203125
-44428.078125
-44428.0859375
-44428.0859375
-44428.0859375
-44428.0859375
-44428.08203125
-44428.0859375
-44428.0859375
-44428.0859375
-44428.0859375
-44428.0859375
-44428.0859375
-44428.0859375
-44428.08203125
-44428.08203125
-44428.08984375
-44428.0859375
-44428.08984375
-44428.0859375
-44428.08203125
-44428.0859375
-44428.0859375
-44428.08203125
-44428.0859375
-44428.0859375
-44428.0859375
-44428.0859375
-44428.0859375
-44428.0859375
-44428.0859375
-44428.0859375
-44428.0859375
-44428.0859375
-44428.0859375
-44428.08203125
-44428.0859375
-44428.08203125
-44428.0859375
-44428.0859375
-44428.0859375
-44428.0859375
-44428.08203125
-44428.0859375
-44428.0859375
-44428.0859375
-44428.0859375
-44428.0859375
-44428.08203125
-44428.0859375
-44428.0859375
-44428.08203125
-44428.0859375
-44428.0859375
-44428.0859375
-44428.0859375
-44428.0859375
-44428.08203125
-44428.08203125
-44428.0859375
-44428.0859375
-44428.0859375
-44428.0859375
-44428.0859375
-44428.0859375
-44428.08203125
-44428.0859375
