-36011.70703125
-35849.12890625
-36113.265625
-36121.27734375
-36082.9296875
-36132.92578125
-36192.125
-36211.65234375
-36201.640625
-36192.703125
-36203.38671875
-36227.93359375
-36247.71484375
-36252.89453125
-36249.47265625
-36249.36328125
-36257.67578125
-36269.55859375
-36278.3515625
-36281.98828125
-36283.078125
-36285.22265625
-36289.53515625
-36294.51171875
-36298.4375
-36300.8671875
-36302.41796875
-36304.1875
-36306.65234375
-36309.34375
-36311.6015625
-36313.16015625
-36314.30859375
-36315.625
-36317.3671875
-36319.390625
-36321.265625
-36322.6015625
-36323.5859375
-36324.59765625
-36325.8125
-36327.08984375
-36328.109375
-36328.828125
-36329.4765625
-36330.31640625
-36331.26171875
-36332.04296875
-36332.57421875
-36333.00390625
